prime 2147483647
d mt2 s12 s123 s16 s23 s234 s34 s345 s45 s56
1992148633 720068054 1983291274 274979641 412362128 491616724 1894747477 713649962 2097893744 994203284 1659670790
1085950443 720068054 1983291274 274979641 412362128 491616724 1894747477 713649962 2097893744 994203284 1659670790
532153448 720068054 1983291274 274979641 412362128 491616724 1894747477 713649962 2097893744 994203284 1659670790
380821980 720068054 1983291274 274979641 412362128 491616724 1894747477 713649962 2097893744 994203284 1659670790
33840353 720068054 1983291274 274979641 412362128 491616724 1894747477 713649962 2097893744 994203284 1659670790
1601280545 720068054 1983291274 274979641 412362128 491616724 1894747477 713649962 2097893744 994203284 1659670790
71806758 720068054 1983291274 274979641 412362128 491616724 1894747477 713649962 2097893744 994203284 1659670790
290213010 720068054 1983291274 274979641 412362128 491616724 1894747477 713649962 2097893744 994203284 1659670790
943663605 720068054 1983291274 274979641 412362128 491616724 1894747477 713649962 2097893744 994203284 1659670790
1497465981 720068054 1983291274 274979641 412362128 491616724 1894747477 713649962 2097893744 994203284 1659670790
