1
243
244
484
485
724
725
726
727
969
1206
1210
1211
1212
1447
1451
1452
1453
1689
1690
1692
1695
1929
1930
1931
1932
1933
1934
1935
1936
1937
1938
2170
2171
2172
2173
2175
2176
2177
2178
2179
2411
2421
2653
2654
2663
2893
2894
2895
2896
2903
2904
2905
2906
3135
3136
3137
3144
3145
3146
3147
3375
3379
3380
3381
3385
3389
3617
3618
3620
3623
3627
3631
3857
3858
3859
3860
3861
3862
3863
3864
3865
3866
3867
3868
3869
3870
3871
3872
3873
3874
4098
4099
4100
4101
4102
4103
4104
4105
4106
4107
4108
4109
4110
4111
4112
4113
4114
4115
4357
4358
4598
4599
4841
5082
5083
5321
5322
5323
5325
5562
5563
5564
5565
5566
5567
5568
5803
5804
5806
5807
5808
5809
6051
6292
6293
6526
6527
6533
6535
6536
6767
6768
6774
6776
6777
7008
7009
7015
7016
7017
7018
7019
7020
7249
7250
7256
7257
7258
7259
7260
7261
7492
7493
7497
7498
7503
7731
7732
7733
7735
7738
7740
7741
7745
7972
7973
7974
7975
7976
7977
7978
7979
7980
7981
7982
7983
7984
7985
7986
7987
7988
8213
8214
8215
8216
8217
8218
8219
8220
8221
8222
8223
8224
8225
8226
8227
8228
8229
8471
8695
8696
8713
8936
8937
8953
8954
8955
8956
9177
9178
9194
9195
9196
9197
9420
9439
9661
9662
9676
9680
9681
9682
9903
9917
9921
9922
9923
10141
10142
10143
10145
10159
10162
10165
10166
10382
10383
10386
10400
10403
10406
10407
10623
10624
10626
10627
10628
10629
10640
10641
10642
10643
10644
10645
10646
10647
10648
10649
10650
10864
10865
10867
10868
10869
10870
10881
10882
10883
10884
10885
10886
10887
10888
10889
10890
10891
11112
11113
11122
11133
11346
11347
11353
11355
11356
11364
11375
11587
11588
11594
11595
11596
11597
11598
11599
11604
11605
11606
11607
11615
11616
11617
11618
11828
11829
11835
11836
11837
11838
11839
11840
11845
11846
11847
11848
11856
11857
11858
11859
12071
12076
12090
12101
12312
12313
12317
12318
12323
12327
12331
12332
12333
12338
12342
12343
12344
12553
12554
12564
12568
12572
12573
12574
12579
12583
12584
12585
12792
12793
12794
12796
12799
12801
12802
12806
12810
12813
12816
12817
12821
12824
12827
12828
13033
13034
13035
13037
13040
13042
13043
13047
13051
13054
13057
13058
13062
13065
13068
13069
13274
13275
13276
13277
13278
13279
13280
13281
13282
13283
13284
13285
13286
13288
13289
13290
13291
13292
13293
13294
13295
13296
13297
13298
13299
13300
13301
13303
13304
13305
13306
13307
13308
13309
13310
13311
13497
13498
13499
13500
13515
13516
13553
13554
13738
13739
13740
13741
13756
13757
13794
13795
13979
13983
13984
13985
13999
14000
14037
14038
14220
14224
14225
14226
14240
14241
14278
14279
14462
14463
14465
14468
14479
14480
14481
14483
14521
14522
14703
14704
14706
14709
14720
14721
14722
14724
14762
14763
14943
14944
14945
14946
14947
14948
14949
14950
14951
14952
14961
14962
14963
14964
14965
14966
14967
14999
15000
15001
15002
15003
15004
15005
15006
15184
15185
15186
15187
15188
15189
15190
15191
15192
15193
15202
15203
15204
15205
15206
15207
15208
15240
15241
15242
15243
15244
15245
15246
15247
15425
15435
15450
15451
15489
15490
15666
15676
15691
15692
15730
15731
15908
15909
15918
15925
15926
15932
15934
15935
15973
15974
16149
16150
16159
16166
16167
16173
16175
16176
16214
16215
16389
16390
16391
16392
16399
16400
16401
16402
16407
16408
16414
16415
16416
16417
16418
16419
16445
16446
16453
16454
16455
16456
16457
16458
16630
16631
16632
16633
16640
16641
16642
16643
16648
16649
16655
16656
16657
16658
16659
16660
16686
16687
16694
16695
16696
16697
16698
16699
16875
16891
16896
16941
17112
17116
17117
17118
17122
17126
17132
17133
17137
17138
17143
17170
17171
17176
17177
17182
17183
17184
17353
17357
17358
17359
17363
17367
17373
17374
17378
17379
17384
17411
17412
17417
17418
17423
17424
17425
17595
17596
17598
17601
17605
17609
17612
17613
17614
17616
17619
17621
17622
17626
17654
17655
17660
17661
17664
17667
17668
17836
17837
17839
17842
17846
17850
17853
17854
17855
17857
17860
17862
17863
17867
17895
17896
17901
17902
17905
17908
17909
18076
18077
18078
18079
18080
18081
18082
18083
18084
18085
18086
18087
18088
18089
18090
18091
18092
18093
18094
18095
18096
18097
18098
18099
18100
18101
18102
18103
18104
18105
18106
18107
18108
18109
18110
18132
18133
18134
18135
18136
18137
18138
18139
18140
18141
18142
18143
18144
18145
18146
18147
18148
18149
18150
18151
18393
18635
18875
18876
18877
19119
19357
19360
19361
19362
19598
19601
19602
19603
19839
19840
19841
19842
19843
19844
19845
20004
20080
20087
20088
20245
20321
20328
20329
20486
20563
20571
20572
20727
20804
20812
20813
21044
21046
21051
21052
21053
21054
21055
21056
21209
21285
21286
21287
21292
21293
21294
21295
21296
21297
21450
21526
21529
21530
21531
21533
21534
21539
21691
21768
21770
21776
21777
21781
21932
22008
22009
22011
22012
22013
22014
22015
22016
22017
22018
22019
22020
22021
22022
22023
22024
22173
22249
22250
22251
22252
22253
22254
22255
22256
22257
22258
22259
22260
22261
22262
22263
22264
22265
22507
22749
22989
22990
22991
23233
23471
23475
23712
23715
23716
23717
23953
23954
23955
23956
23957
23958
23959
24201
24435
24443
24676
24683
24684
24685
24927
25159
25165
25168
25169
25399
25407
25409
25411
25640
25641
25642
25647
25648
25649
25650
25651
25652
25653
25881
25884
25885
25886
25888
25889
25890
25895
26123
26125
26129
26132
26133
26137
26363
26367
26371
26373
26375
26379
26604
26605
26606
26607
26608
26609
26610
26611
26612
26613
26614
26615
26616
26617
26618
26619
26620
26621
26753
26754
26828
26845
26863
26864
26865
26994
26995
27069
27086
27104
27105
27106
27235
27236
27310
27327
27345
27346
27347
27479
27552
27589
27590
27720
27793
27830
27831
27957
27962
27963
28034
28051
28071
28072
28073
28199
28200
28202
28205
28274
28275
28276
28291
28309
28310
28311
28312
28313
28315
28316
28317
28318
28319
28320
28440
28441
28443
28446
28515
28516
28517
28532
28550
28551
28552
28553
28554
28556
28557
28558
28559
28560
28561
28681
28682
28684
28687
28756
28757
28758
28773
28791
28792
28793
28794
28795
28797
28798
28799
28800
28801
28802
28922
28923
28925
28928
28997
28999
29014
29032
29033
29034
29035
29036
29038
29039
29040
29041
29042
29043
29163
29164
29166
29169
29238
29239
29240
29255
29273
29274
29275
29276
29277
29279
29280
29281
29282
29283
29284
29404
29405
29407
29410
29479
29480
29481
29496
29514
29515
29516
29517
29518
29520
29521
29522
29523
29524
29525
29644
29645
29646
29647
29648
29649
29650
29651
29652
29653
29720
29721
29722
29737
29738
29739
29755
29756
29757
29758
29759
29760
29761
29762
29763
29764
29765
29766
29767
29964
30009
30136
30222
30250
30251
30368
30369
30378
30443
30446
30447
30448
30460
30464
30478
30479
30480
30491
30493
30494
30495
30496
30497
30498
30609
30610
30619
30684
30687
30688
30689
30701
30705
30719
30720
30721
30732
30734
30735
30736
30737
30738
30739
30850
30851
30860
30925
30928
30929
30930
30942
30946
30960
30961
30962
30973
30975
30976
30977
30978
30979
30980
31091
31092
31101
31166
31169
31170
31171
31183
31187
31201
31202
31203
31214
31216
31217
31218
31219
31220
31221
31332
31333
31342
31407
31410
31411
31412
31424
31428
31442
31443
31444
31455
31457
31458
31459
31460
31461
31462
31573
31574
31583
31648
31651
31652
31653
31665
31669
31683
31684
31685
31696
31698
31699
31700
31701
31702
31703
31813
31814
31815
31816
31823
31824
31825
31826
31889
31892
31893
31894
31906
31909
31910
31911
31924
31925
31926
31937
31938
31939
31940
31941
31942
31943
31944
31945
32058
32131
32133
32168
32169
32178
32187
32188
32299
32372
32374
32409
32410
32419
32428
32429
32536
32540
32541
32542
32546
32550
32613
32615
32630
32632
32650
32651
32652
32660
32661
32669
32670
32671
32778
32779
32781
32784
32788
32792
32853
32854
32855
32856
32857
32858
32859
32870
32874
32888
32889
32890
32891
32892
32894
32895
32896
32897
32898
32899
32901
32903
32904
32905
32906
32907
32908
32910
32911
32913
32914
32915
32916
32917
32918
33019
33020
33022
33025
33029
33033
33094
33095
33096
33097
33098
33099
33100
33111
33115
33129
33130
33131
33132
33133
33135
33136
33137
33138
33139
33140
33142
33144
33145
33146
33147
33148
33149
33151
33152
33154
33155
33156
33157
33158
33159
33260
33261
33263
33266
33270
33274
33335
33336
33337
33338
33339
33340
33341
33352
33356
33370
33371
33372
33373
33374
33376
33377
33378
33379
33380
33381
33383
33385
33386
33387
33388
33389
33390
33392
33393
33395
33396
33397
33398
33399
33400
33501
33502
33504
33507
33511
33515
33576
33577
33578
33579
33580
33581
33582
33593
33597
33611
33612
33613
33614
33615
33617
33618
33619
33620
33621
33622
33624
33626
33627
33628
33629
33630
33631
33633
33634
33636
33637
33638
33639
33640
33641
33742
33743
33745
33748
33752
33756
33817
33818
33819
33820
33821
33822
33823
33834
33838
33852
33853
33854
33855
33856
33858
33859
33860
33861
33862
33863
33865
33867
33868
33869
33870
33871
33872
33874
33875
33877
33878
33879
33880
33881
33882
33983
33984
33986
33989
33993
33997
34058
34059
34060
34061
34062
34063
34064
34075
34079
34093
34094
34095
34096
34097
34099
34100
34101
34102
34103
34104
34106
34108
34109
34110
34111
34112
34113
34115
34116
34118
34119
34120
34121
34122
34123
34223
34224
34225
34226
34227
34228
34229
34230
34231
34232
34233
34234
34235
34236
34237
34238
34239
34240
34299
34300
34301
34302
34303
34304
34305
34316
34317
34318
34319
34320
34321
34322
34334
34335
34336
34337
34338
34339
34340
34341
34342
34343
34344
34345
34346
34347
34348
34349
34350
34351
34352
34353
34354
34355
34356
34357
34358
34359
34360
34361
34362
34363
34364
34365
34464
34465
34466
34540
34547
34548
34557
34565
34575
34576
34577
34607
34705
34782
34790
34791
34808
34819
34820
34849
34946
34947
34948
34950
34953
35022
35023
35024
35029
35030
35031
35032
35033
35034
35039
35047
35049
35051
35057
35058
35059
35060
35061
35063
35064
35065
35066
35067
35068
35089
35090
35091
35187
35188
35189
35198
35263
35266
35267
35268
35270
35271
35276
35280
35284
35288
35298
35299
35300
35311
35313
35314
35315
35316
35317
35318
35330
35333
35428
35432
35505
35507
35513
35514
35518
35531
35542
35543
35552
35561
35562
35572
35575
35669
35670
35671
35673
35676
35680
35684
35745
35746
35747
35748
35749
35750
35751
35752
35753
35754
35755
35756
35757
35758
35759
35760
35761
35762
35766
35770
35772
35774
35778
35780
35781
35782
35783
35784
35786
35787
35788
35789
35790
35791
35793
35795
35796
35797
35798
35799
35800
35802
35803
35805
35806
35807
35808
35809
35810
35812
35813
35814
35815
35816
35817
35928
35929
35930
35932
35986
35987
35988
36059
36060
36169
36170
36171
36173
36227
36228
36229
36300
36301
36410
36411
36417
36419
36420
36468
36471
36472
36473
36543
36544
36651
36652
36658
36660
36661
36709
36712
36713
36714
36784
36785
36894
36899
36951
36953
37027
37133
37134
37135
37137
37140
37142
37143
37147
37191
37192
37194
37195
37196
37197
37264
37265
37266
37267
37268
37269
37270
37374
37375
37376
37378
37381
37383
37384
37388
37432
37433
37434
37435
37436
37437
37438
37505
37506
37507
37508
37509
37510
37511
37597
37615
37616
37633
37673
37680
37681
37753
37754
37838
37856
37857
37874
37914
37921
37922
37994
37995
38079
38099
38118
38156
38164
38165
38237
38238
38320
38340
38359
38397
38405
38406
38478
38479
38561
38579
38580
38581
38583
38597
38600
38603
38604
38637
38638
38644
38645
38646
38647
38648
38649
38710
38711
38717
38718
38719
38720
38721
38722
38802
38820
38821
38822
38824
38838
38841
38844
38845
38878
38879
38880
38885
38886
38887
38888
38889
38890
38951
38952
38958
38959
38960
38961
38962
38963
39043
39068
39122
39205
39284
39302
39303
39309
39311
39312
39320
39331
39360
39363
39364
39365
39367
39368
39373
39435
39436
39440
39441
39446
39447
39448
39525
39543
39544
39550
39552
39553
39561
39572
39601
39604
39605
39606
39608
39609
39614
39676
39677
39681
39682
39687
39688
39689
39766
39786
39791
39805
39816
39843
39851
39852
39856
39919
39924
39925
39928
39931
39932
40007
40027
40046
40057
40084
40092
40093
40097
40160
40165
40166
40169
40172
40173
40248
40266
40267
40268
40270
40273
40275
40276
40280
40284
40287
40290
40291
40295
40298
40301
40302
40324
40325
40326
40327
40328
40329
40330
40331
40332
40333
40334
40335
40336
40337
40338
40339
40340
40397
40398
40399
40400
40401
40402
40403
40404
40405
40406
40407
40408
40409
40410
40411
40412
40413
40414
40415
40490
40491
40507
40508
40565
40582
40600
40601
40602
40657
40658
40731
40732
40748
40749
40806
40823
40841
40842
40843
40898
40899
40975
40991
41048
41085
41086
41141
41212
41216
41217
41218
41232
41233
41270
41271
41289
41306
41326
41327
41328
41382
41383
41454
41455
41457
41460
41471
41472
41473
41475
41513
41514
41529
41530
41531
41546
41564
41565
41566
41567
41568
41570
41571
41572
41573
41574
41575
41602
41603
41621
41622
41623
41625
41626
41627
41628
41629
41695
41696
41698
41701
41712
41713
41714
41716
41754
41755
41770
41771
41772
41787
41805
41806
41807
41808
41809
41811
41812
41813
41814
41815
41816
41843
41844
41862
41863
41864
41866
41867
41868
41869
41870
41936
41937
41939
41942
41953
41954
41955
41957
41995
41996
42011
42012
42013
42028
42046
42047
42048
42049
42050
42052
42053
42054
42055
42056
42057
42084
42085
42103
42104
42105
42107
42108
42109
42110
42111
42177
42178
42180
42183
42194
42195
42196
42198
42236
42237
42252
42253
42254
42269
42287
42288
42289
42290
42291
42293
42294
42295
42296
42297
42298
42325
42326
42344
42345
42346
42348
42349
42350
42351
42352
42418
42419
42421
42424
42435
42436
42437
42439
42477
42478
42493
42494
42495
42510
42528
42529
42530
42531
42532
42534
42535
42536
42537
42538
42539
42566
42567
42585
42586
42587
42589
42590
42591
42592
42593
42658
42659
42660
42661
42662
42663
42664
42665
42666
42667
42676
42677
42678
42679
42680
42681
42682
42714
42715
42716
42717
42718
42719
42720
42721
42734
42735
42736
42751
42752
42753
42769
42770
42771
42772
42773
42774
42775
42776
42777
42778
42779
42780
42781
42807
42808
42826
42827
42828
42829
42830
42831
42832
42833
42834
42835
42836
42837
42838
42899
42900
42901
42902
42903
42904
42905
42906
42907
42908
42917
42918
42919
42920
42921
42922
42923
42955
42956
42957
42958
42959
42960
42961
42962
42975
42976
42977
42992
42993
42994
43010
43011
43012
43013
43014
43015
43016
43017
43018
43019
43020
43021
43022
43048
43049
43067
43068
43069
43070
43071
43072
43073
43074
43075
43076
43077
43078
43079
43140
43141
43142
43143
43144
43145
43146
43147
43148
43149
43158
43159
43160
43161
43162
43163
43164
43196
43197
43198
43199
43200
43201
43202
43203
43216
43217
43218
43233
43234
43235
43251
43252
43253
43254
43255
43256
43257
43258
43259
43260
43261
43262
43263
43289
43290
43308
43309
43310
43311
43312
43313
43314
43315
43316
43317
43318
43319
43320
43381
43382
43383
43384
43385
43386
43387
43388
43389
43390
43399
43400
43401
43402
43403
43404
43405
43437
43438
43439
43440
43441
43442
43443
43444
43457
43458
43459
43474
43492
43493
43494
43495
43496
43498
43499
43500
43501
43502
43503
43504
43530
43531
43549
43550
43551
43552
43553
43554
43555
43556
43557
43558
43559
43560
43561
43647
43701
43746
43803
43863
43873
43888
43889
43927
43928
43942
43959
43987
43988
44044
44045
44105
44106
44115
44122
44123
44129
44131
44132
44170
44171
44180
44183
44184
44185
44197
44201
44215
44216
44217
44228
44230
44231
44232
44233
44234
44235
44255
44256
44272
44273
44285
44287
44288
44289
44290
44291
44292
44346
44347
44356
44363
44364
44370
44372
44373
44411
44412
44421
44424
44425
44426
44438
44442
44456
44457
44458
44469
44471
44472
44473
44474
44475
44476
44496
44497
44513
44514
44526
44528
44529
44530
44531
44532
44533
44587
44588
44597
44604
44605
44611
44613
44614
44652
44653
44662
44665
44666
44667
44679
44683
44697
44698
44699
44710
44712
44713
44714
44715
44716
44717
44737
44738
44754
44755
44767
44769
44770
44771
44772
44773
44774
44828
44829
44838
44845
44846
44852
44854
44855
44893
44894
44903
44906
44907
44908
44920
44924
44938
44939
44940
44951
44953
44954
44955
44956
44957
44958
44978
44979
44995
44996
45008
45010
45011
45012
45013
45014
45015
45069
45070
45079
45086
45087
45093
45095
45096
45134
45135
45144
45147
45148
45149
45161
45165
45179
45180
45181
45192
45194
45195
45196
45197
45198
45199
45219
45220
45236
45237
45249
45251
45252
45253
45254
45255
45256
45310
45311
45320
45327
45328
45334
45336
45337
45375
45376
45385
45388
45389
45390
45402
45406
45420
45421
45422
45433
45435
45436
45437
45438
45439
45440
45460
45461
45477
45478
45490
45492
45493
45494
45495
45496
45497
45550
45551
45552
45553
45560
45561
45562
45563
45568
45569
45575
45576
45577
45578
45579
45580
45606
45607
45614
45615
45616
45617
45618
45619
45626
45629
45630
45631
45643
45646
45647
45648
45661
45662
45663
45674
45675
45676
45677
45678
45679
45680
45681
45682
45701
45702
45718
45719
45731
45732
45733
45734
45735
45736
45737
45738
45739
45740
45741
45742
45791
45792
45793
45794
45801
45802
45803
45804
45809
45810
45816
45817
45818
45819
45820
45821
45847
45848
45855
45856
45857
45858
45859
45860
45867
45870
45871
45872
45884
45887
45888
45889
45902
45903
45904
45915
45916
45917
45918
45919
45920
45921
45922
45923
45942
45943
45959
45960
45972
45973
45974
45975
45976
45977
45978
45979
45980
45981
45982
45983
46032
46033
46034
46035
46042
46043
46044
46045
46050
46051
46057
46058
46059
46060
46061
46062
46088
46089
46096
46097
46098
46099
46100
46101
46108
46111
46112
46113
46125
46128
46129
46130
46143
46144
46145
46156
46157
46158
46159
46160
46161
46162
46163
46164
46183
46184
46200
46201
46213
46214
46215
46216
46217
46218
46219
46220
46221
46222
46223
46224
46273
46274
46275
46276
46283
46284
46285
46286
46291
46292
46298
46299
46300
46301
46302
46303
46329
46330
46337
46338
46339
46340
46341
46342
46349
46352
46353
46354
46366
46370
46384
46385
46386
46397
46399
46400
46401
46402
46403
46404
46405
46424
46425
46441
46442
46454
46455
46456
46457
46458
46459
46460
46461
46462
46463
46464
46465
46518
46534
46539
46584
46591
46593
46628
46629
46638
46647
46648
46667
46684
46695
46707
46708
46759
46825
46832
46834
46869
46870
46879
46888
46889
46908
46925
46936
46948
46949
46996
47000
47001
47002
47006
47010
47016
47017
47021
47022
47027
47054
47055
47060
47061
47066
47067
47068
47073
47075
47090
47092
47110
47111
47112
47120
47121
47129
47130
47131
47149
47166
47167
47177
47178
47189
47190
47191
47192
47193
47237
47241
47242
47243
47247
47251
47257
47258
47262
47263
47268
47295
47296
47301
47302
47307
47308
47309
47314
47316
47331
47333
47351
47352
47353
47361
47362
47370
47371
47372
47390
47407
47408
47418
47419
47430
47431
47432
47433
47434
47478
47482
47483
47484
47488
47492
47498
47499
47503
47504
47509
47536
47537
47542
47543
47548
47549
47550
47555
47557
47592
47593
47602
47611
47612
47613
47631
47648
47649
47659
47660
47671
47672
47673
47674
47675
47720
47721
47723
47726
47730
47734
47737
47738
47739
47741
47744
47746
47747
47751
47779
47780
47785
47786
47789
47792
47793
47795
47796
47797
47798
47799
47800
47801
47812
47816
47830
47831
47832
47833
47834
47836
47837
47838
47839
47840
47841
47843
47845
47846
47847
47848
47849
47850
47852
47853
47855
47856
47857
47858
47859
47860
47868
47869
47870
47871
47872
47873
47874
47887
47888
47889
47891
47892
47893
47894
47895
47900
47902
47903
47904
47905
47906
47907
47912
47913
47917
47918
47919
47920
47921
47922
47923
47961
47962
47964
47967
47971
47975
47978
47979
47980
47982
47985
47987
47988
47992
48020
48021
48026
48027
48030
48033
48034
48036
48037
48038
48039
48040
48041
48042
48053
48057
48071
48072
48073
48074
48075
48077
48078
48079
48080
48081
48082
48084
48086
48087
48088
48089
48090
48091
48093
48094
48096
48097
48098
48099
48100
48101
48109
48110
48111
48112
48113
48114
48115
48128
48129
48130
48132
48133
48134
48135
48136
48141
48143
48144
48145
48146
48147
48148
48153
48154
48158
48159
48160
48161
48162
48163
48164
48202
48203
48205
48208
48212
48216
48219
48220
48221
48223
48226
48228
48229
48233
48261
48262
48267
48268
48271
48274
48275
48277
48278
48279
48280
48281
48282
48283
48294
48298
48312
48313
48314
48315
48316
48318
48319
48320
48321
48322
48323
48325
48327
48328
48329
48330
48331
48332
48334
48335
48337
48338
48339
48340
48341
48342
48350
48351
48352
48353
48354
48355
48356
48369
48370
48371
48373
48374
48375
48376
48377
48382
48384
48385
48386
48387
48388
48389
48394
48395
48399
48400
48401
48402
48403
48404
48405
48443
48444
48446
48449
48453
48457
48460
48461
48462
48464
48467
48469
48470
48474
48502
48503
48508
48509
48512
48515
48516
48518
48519
48520
48521
48522
48523
48524
48535
48539
48553
48554
48555
48556
48557
48559
48560
48561
48562
48563
48564
48566
48568
48569
48570
48571
48572
48573
48575
48576
48578
48579
48580
48581
48582
48583
48591
48592
48593
48594
48595
48596
48597
48610
48611
48612
48614
48615
48616
48617
48618
48623
48625
48626
48627
48628
48629
48630
48635
48636
48640
48641
48642
48643
48644
48645
48646
48684
48685
48687
48690
48694
48698
48701
48702
48703
48705
48708
48710
48711
48715
48743
48744
48749
48750
48753
48756
48757
48759
48760
48761
48762
48763
48764
48765
48776
48780
48794
48795
48796
48797
48798
48800
48801
48802
48803
48804
48805
48807
48809
48810
48811
48812
48813
48814
48816
48817
48819
48820
48821
48822
48823
48824
48832
48833
48834
48835
48836
48837
48838
48851
48852
48853
48855
48856
48857
48858
48859
48864
48866
48867
48868
48869
48870
48871
48876
48877
48881
48882
48883
48884
48885
48886
48887
48925
48926
48928
48931
48935
48939
48942
48943
48944
48946
48949
48951
48952
48956
48984
48985
48990
48991
48994
48997
48998
49000
49001
49002
49003
49004
49005
49006
49017
49021
49035
49036
49037
49038
49039
49041
49042
49043
49044
49045
49046
49048
49050
49051
49052
49053
49054
49055
49057
49058
49060
49061
49062
49063
49064
49065
49073
49074
49075
49076
49077
49078
49079
49092
49093
49094
49096
49097
49098
49099
49100
49105
49107
49108
49109
49110
49111
49112
49117
49118
49122
49123
49124
49125
49126
49127
49128
49166
49167
49169
49172
49176
49180
49183
49184
49185
49187
49190
49192
49193
49197
49225
49226
49231
49232
49235
49238
49239
49241
49242
49243
49244
49245
49246
49247
49258
49262
49276
49277
49278
49279
49280
49282
49283
49284
49285
49286
49287
49289
49291
49292
49293
49294
49295
49296
49298
49299
49301
49302
49303
49304
49305
49306
49314
49315
49316
49317
49318
49319
49320
49333
49334
49335
49337
49338
49339
49340
49341
49346
49348
49349
49350
49351
49352
49353
49358
49359
49363
49364
49365
49366
49367
49368
49369
49406
49407
49408
49409
49410
49411
49412
49413
49414
49415
49416
49417
49418
49419
49420
49421
49422
49423
49424
49425
49426
49427
49428
49429
49430
49431
49432
49433
49434
49435
49436
49437
49438
49439
49440
49462
49463
49464
49465
49466
49467
49468
49469
49470
49471
49472
49473
49474
49475
49476
49477
49478
49479
49480
49481
49482
49483
49484
49485
49486
49487
49488
49499
49503
49505
49517
49518
49519
49520
49521
49523
49524
49525
49526
49527
49528
49529
49530
49532
49533
49534
49535
49536
49537
49538
49539
49540
49541
49542
49543
49544
49545
49546
49547
49548
49555
49556
49557
49558
49559
49560
49561
49574
49575
49576
49577
49578
49579
49580
49581
49582
49583
49584
49585
49586
49587
49588
49589
49590
49591
49592
49593
49594
49595
49596
49597
49598
49599
49600
49601
49602
49603
49604
49605
49606
49607
49608
49609
49610
49611
49612
49613
49647
49648
49649
49650
49651
49652
49653
49654
49655
49656
49657
49658
49659
49660
49661
49662
49663
49664
49665
49666
49667
49668
49669
49670
49671
49672
49673
49674
49675
49676
49677
49678
49679
49680
49681
49703
49704
49705
49706
49707
49708
49709
49710
49711
49712
49713
49714
49715
49716
49717
49718
49719
49720
49721
49722
49723
49724
49725
49726
49727
49728
49729
49740
49741
49742
49743
49744
49745
49746
49758
49759
49760
49761
49762
49763
49764
49765
49766
49767
49768
49769
49770
49771
49772
49773
49774
49775
49776
49777
49778
49779
49780
49781
49782
49783
49784
49785
49786
49787
49788
49789
49796
49797
49798
49799
49800
49801
49802
49815
49816
49817
49818
49819
49820
49821
49822
49823
49824
49825
49826
49827
49828
49829
49830
49831
49832
49833
49834
49835
49836
49837
49838
49839
49840
49841
49842
49843
49844
49845
49846
49847
49848
49849
49850
49851
49852
49853
49854
49888
49889
49890
49891
49892
49893
49894
49895
49896
49897
49898
49899
49900
49901
49902
49903
49904
49905
49906
49907
49908
49909
49910
49911
49912
49913
49914
49915
49916
49917
49918
49919
49920
49921
49922
49944
49945
49946
49947
49948
49949
49950
49951
49952
49953
49954
49955
49956
49957
49958
49959
49960
49961
49962
49963
49964
49965
49966
49967
49968
49969
49970
49981
49982
49983
49984
49985
49986
49987
49999
50000
50001
50002
50003
50004
50005
50006
50007
50008
50009
50010
50011
50012
50013
50014
50015
50016
50017
50018
50019
50020
50021
50022
50023
50024
50025
50026
50027
50028
50029
50030
50037
50038
50039
50040
50041
50042
50043
50056
50057
50058
50059
50060
50061
50062
50063
50064
50065
50066
50067
50068
50069
50070
50071
50072
50073
50074
50075
50076
50077
50078
50079
50080
50081
50082
50083
50084
50085
50086
50087
50088
50089
50090
50091
50092
50093
50094
50095
50129
50130
50131
50147
50148
50165
50205
50212
50213
50222
50230
50240
50241
50242
50272
50285
50286
50297
50298
50337
50370
50371
50372
50373
50388
50389
50405
50406
50407
50408
50426
50427
50446
50453
50454
50463
50470
50471
50472
50481
50482
50483
50513
50526
50527
50538
50539
50578
50579
50580
50581
50611
50612
50613
50614
50629
50630
50646
50647
50648
50649
50667
50668
50687
50694
50695
50704
50711
50712
50713
50722
50723
50724
50754
50767
50768
50779
50780
50819
50820
50821
50822
50852
50853
50854
50855
50870
50871
50887
50888
50889
50890
50908
50909
50928
50935
50936
50945
50952
50953
50954
50963
50964
50965
50995
51008
51009
51020
51021
51060
51061
51062
51063
51093
51097
51113
51132
51170
51178
51179
51196
51207
51208
51237
51251
51252
51263
51305
51334
51338
51339
51340
51354
51355
51369
51373
51374
51375
51392
51393
51411
51419
51420
51428
51434
51437
51438
51448
51449
51450
51478
51492
51493
51504
51505
51546
51547
51548
51549
51575
51579
51580
51581
51595
51596
51610
51614
51615
51616
51633
51634
51652
51660
51661
51669
51675
51678
51679
51689
51690
51691
51719
51733
51734
51745
51746
51787
51788
51789
51790
51816
51820
51821
51822
51836
51837
51851
51855
51856
51857
51874
51875
51893
51901
51902
51910
51916
51919
51920
51930
51931
51932
51960
51974
51975
51987
52028
52029
52030
52031
52057
52058
52059
52061
52064
52075
52076
52077
52079
52093
52096
52099
52100
52117
52118
52133
52134
52135
52140
52141
52142
52143
52144
52145
52150
52158
52160
52162
52168
52169
52170
52171
52172
52174
52175
52176
52177
52178
52179
52200
52201
52202
52206
52207
52213
52214
52215
52216
52217
52218
52225
52226
52227
52229
52230
52231
52232
52233
52265
52269
52273
52274
52275
52276
52298
52299
52300
52302
52305
52316
52317
52318
52320
52334
52337
52340
52341
52358
52359
52374
52375
52376
52381
52382
52383
52384
52385
52386
52391
52399
52401
52403
52409
52410
52411
52412
52413
52415
52416
52417
52418
52419
52420
52441
52442
52443
52447
52448
52454
52455
52456
52457
52458
52459
52466
52467
52468
52470
52471
52472
52473
52474
52506
52510
52514
52515
52516
52517
52539
52540
52541
52543
52546
52557
52558
52559
52561
52575
52578
52581
52582
52599
52600
52615
52616
52617
52622
52623
52624
52625
52626
52627
52632
52640
52642
52644
52650
52651
52652
52653
52654
52656
52657
52658
52659
52660
52661
52682
52683
52684
52688
52689
52695
52696
52697
52698
52699
52700
52707
52708
52709
52711
52712
52713
52714
52715
52747
52751
52755
52756
52757
52758
52780
52781
52782
52784
52787
52798
52799
52800
52802
52816
52819
52822
52823
52840
52841
52856
52857
52858
52863
52864
52865
52866
52867
52868
52873
52891
52892
52893
52894
52895
52897
52898
52899
52900
52901
52902
52925
52929
52930
52936
52937
52938
52939
52940
52941
52948
52949
52950
52952
52953
52954
52955
52956
52988
52992
52996
52997
52998
52999
53021
53022
53023
53024
53025
53026
53027
53028
53029
53030
53039
53040
53041
53042
53043
53044
53045
53056
53057
53058
53059
53060
53061
53062
53063
53064
53065
53066
53077
53078
53079
53080
53081
53082
53083
53084
53097
53098
53099
53104
53105
53106
53107
53108
53109
53114
53121
53123
53125
53127
53132
53133
53134
53135
53136
53137
53138
53139
53140
53141
53142
53143
53144
53164
53165
53166
53170
53171
53177
53178
53179
53180
53181
53182
53189
53190
53191
53192
53193
53194
53195
53196
53197
53198
53199
53200
53201
53229
53230
53231
53232
53233
53234
53235
53236
53237
53238
53239
53240
53241
53242
53243
53262
53263
53264
53265
53266
53267
53268
53269
53270
53271
53280
53281
53282
53283
53284
53285
53286
53297
53298
53299
53300
53301
53302
53303
53304
53305
53306
53307
53318
53319
53320
53321
53322
53323
53324
53325
53338
53339
53340
53345
53346
53347
53348
53349
53350
53355
53356
53357
53362
53363
53364
53365
53366
53367
53368
53373
53374
53375
53376
53377
53378
53379
53380
53381
53382
53383
53384
53385
53405
53406
53407
53411
53412
53418
53419
53420
53421
53422
53423
53430
53431
53432
53433
53434
53435
53436
53437
53438
53439
53440
53441
53442
53470
53471
53472
53473
53474
53475
53476
53477
53478
53479
53480
53481
53482
53483
53484
53503
53504
53505
53506
53507
53508
53509
53510
53511
53512
53521
53522
53523
53524
53525
53526
53527
53538
53539
53540
53541
53542
53543
53544
53545
53546
53547
53548
53559
53560
53561
53562
53563
53564
53565
53566
53579
53580
53581
53586
53587
53588
53589
53590
53591
53596
53603
53605
53607
53609
53614
53615
53616
53617
53618
53619
53620
53621
53622
53623
53624
53625
53626
53646
53647
53648
53652
53653
53659
53660
53661
53662
53663
53664
53671
53672
53673
53674
53675
53676
53677
53678
53679
53680
53681
53682
53683
53711
53712
53713
53714
53715
53716
53717
53718
53719
53720
53721
53722
53723
53724
53725
53744
53754
53769
53770
53779
53790
53808
53809
53823
53840
53844
53868
53869
53906
53925
53926
53967
53968
53985
53995
54010
54011
54020
54031
54049
54050
54064
54081
54085
54109
54110
54147
54166
54167
54208
54209
54226
54227
54228
54237
54244
54245
54251
54253
54254
54262
54273
54292
54293
54302
54305
54306
54307
54309
54310
54315
54319
54323
54327
54337
54338
54339
54350
54352
54353
54354
54355
54356
54357
54369
54372
54377
54378
54382
54383
54388
54389
54390
54394
54395
54407
54409
54410
54411
54412
54413
54414
54434
54451
54452
54453
54467
54468
54469
54478
54485
54486
54492
54494
54495
54503
54514
54533
54534
54543
54546
54547
54548
54550
54551
54556
54560
54564
54568
54578
54579
54580
54591
54593
54594
54595
54596
54597
54598
54610
54613
54618
54619
54623
54624
54629
54630
54631
54635
54636
54648
54650
54651
54652
54653
54654
54655
54675
54692
54693
54694
54708
54709
54710
54719
54726
54727
54733
54735
54736
54744
54755
54774
54775
54784
54787
54788
54789
54791
54792
54797
54801
54805
54819
54820
54821
54832
54834
54835
54836
54837
54838
54839
54854
54859
54860
54864
54865
54870
54871
54872
54876
54877
54889
54891
54892
54893
54894
54895
54896
54916
54933
54934
54935
54949
54950
54951
54952
54959
54960
54961
54962
54967
54968
54974
54975
54976
54977
54978
54979
54984
54985
54986
54987
54995
54996
54997
54998
55005
55006
55013
55014
55015
55016
55017
55018
55025
55028
55029
55030
55032
55033
55038
55042
55045
55046
55049
55051
55056
55060
55061
55062
55073
55074
55075
55076
55077
55078
55079
55080
55081
55092
55095
55100
55101
55105
55106
55111
55112
55113
55117
55118
55130
55131
55132
55133
55134
55135
55136
55137
55138
55139
55140
55141
55157
55158
55159
55160
55172
55173
55174
55175
55176
55177
55178
55179
55190
55191
55192
55193
55200
55201
55202
55203
55208
55209
55215
55216
55217
55218
55219
55220
55225
55226
55227
55228
55236
55237
55238
55239
55246
55247
55254
55255
55256
55257
55258
55259
55266
55269
55270
55271
55273
55274
55279
55283
55286
55287
55288
55290
55291
55292
55297
55301
55302
55303
55314
55315
55316
55317
55318
55319
55320
55321
55322
55333
55336
55341
55342
55346
55347
55352
55353
55354
55358
55359
55371
55372
55373
55374
55375
55376
55377
55378
55379
55380
55381
55382
55398
55399
55400
55401
55413
55414
55415
55416
55417
55418
55419
55420
55431
55432
55433
55434
55441
55442
55443
55444
55449
55450
55456
55457
55458
55459
55460
55461
55466
55467
55468
55469
55477
55478
55479
55480
55487
55488
55495
55496
55497
55498
55499
55500
55507
55510
55511
55512
55514
55515
55520
55524
55527
55528
55531
55533
55538
55542
55543
55544
55555
55556
55557
55558
55559
55560
55561
55562
55563
55574
55577
55582
55583
55587
55588
55593
55594
55595
55599
55600
55612
55613
55614
55615
55616
55617
55618
55619
55620
55621
55622
55623
55639
55640
55641
55642
55654
55655
55656
55657
55658
55659
55660
55661
55672
55676
55692
55697
55711
55722
55742
55749
55751
55757
55758
55762
55775
55786
55787
55796
55805
55806
55816
55819
55825
55830
55831
55834
55837
55838
55842
55853
55865
55866
55884
55903
55904
55905
55913
55917
55933
55938
55952
55963
55983
55990
55992
55998
55999
56003
56016
56027
56028
56037
56046
56047
56057
56060
56066
56071
56072
56075
56078
56079
56083
56094
56106
56107
56125
56144
56145
56146
56154
56158
56174
56179
56193
56204
56224
56231
56233
56239
56240
56244
56268
56269
56278
56287
56288
56301
56307
56312
56313
56316
56319
56320
56324
56335
56347
56348
56366
56385
56386
56387
56395
56399
56400
56401
56405
56409
56415
56416
56420
56421
56426
56430
56434
56435
56436
56441
56445
56446
56447
56453
56454
56459
56460
56465
56466
56467
56472
56474
56480
56481
56485
56491
56495
56499
56503
56509
56510
56511
56519
56520
56528
56529
56530
56539
56542
56548
56553
56554
56557
56560
56561
56565
56566
56576
56577
56588
56589
56590
56591
56592
56607
56608
56609
56610
56618
56619
56626
56627
56628
56629
56630
56631
56636
56640
56641
56642
56646
56650
56656
56657
56661
56662
56667
56671
56675
56676
56677
56682
56686
56687
56688
56694
56695
56700
56701
56706
56707
56708
56713
56715
56721
56722
56726
56730
56732
56736
56739
56740
56744
56750
56751
56752
56760
56761
56769
56770
56771
56780
56783
56789
56794
56795
56798
56801
56802
56806
56807
56817
56818
56829
56830
56831
56832
56833
56848
56849
56850
56851
56859
56860
56867
56868
56869
56870
56871
56872
56877
56881
56882
56883
56887
56891
56897
56898
56902
56903
56908
56912
56916
56917
56918
56923
56927
56928
56929
56935
56936
56941
56942
56947
56948
56949
56954
56956
56962
56963
56967
56973
56977
56981
56985
56991
56992
56993
57001
57002
57010
57011
57012
57021
57024
57030
57035
57036
57039
57042
57043
57047
57048
57058
57059
57070
57071
57072
57073
57074
57089
57090
57091
57092
57100
57101
57108
57109
57110
57111
57112
57113
57118
57119
57120
57122
57125
57129
57133
57136
57137
57138
57140
57143
57145
57146
57150
57154
57157
57160
57161
57165
57168
57171
57172
57178
57179
57184
57185
57188
57191
57192
57194
57195
57196
57197
57198
57199
57200
57201
57202
57203
57204
57205
57206
57207
57208
57209
57210
57211
57215
57227
57229
57230
57231
57232
57233
57235
57236
57237
57238
57239
57240
57242
57244
57245
57246
57247
57248
57249
57251
57252
57254
57255
57256
57257
57258
57259
57263
57264
57265
57266
57267
57268
57269
57270
57271
57272
57273
57274
57275
57276
57277
57278
57279
57280
57281
57282
57283
57284
57285
57286
57287
57288
57290
57291
57292
57293
57294
57299
57301
57302
57303
57304
57305
57306
57311
57312
57316
57317
57318
57319
57320
57321
57322
57326
57330
57334
57335
57336
57337
57343
57344
57345
57349
57350
57351
57355
57356
57357
57359
57360
57361
57363
57366
57370
57374
57377
57378
57379
57381
57384
57386
57387
57391
57395
57398
57401
57402
57406
57409
57412
57413
57419
57420
57425
57426
57429
57432
57433
57435
57436
57437
57438
57439
57440
57441
57442
57443
57444
57445
57446
57447
57448
57449
57450
57451
57452
57456
57460
57462
57464
57468
57470
57471
57472
57473
57474
57476
57477
57478
57479
57480
57481
57483
57485
57486
57487
57488
57489
57490
57492
57493
57495
57496
57497
57498
57499
57500
57502
57503
57504
57505
57506
57507
57508
57509
57510
57511
57512
57513
57514
57515
57516
57517
57518
57519
57520
57521
57522
57523
57524
57525
57526
57527
57528
57529
57531
57532
57533
57534
57535
57540
57542
57543
57544
57545
57546
57547
57552
57553
57557
57558
57559
57560
57561
57562
57563
57567
57571
57575
57576
57577
57578
57584
57585
57586
57590
57591
57592
57596
57597
57598
57600
57601
57602
57604
57607
57611
57615
57618
57619
57620
57622
57625
57627
57628
57632
57636
57639
57642
57643
57647
57650
57653
57654
57660
57661
57666
57667
57670
57673
57674
57676
57677
57678
57679
57680
57681
57682
57683
57684
57685
57686
57687
57688
57689
57690
57691
57692
57693
57697
57711
57712
57713
57714
57715
57717
57718
57719
57720
57721
57722
57724
57726
57727
57728
57729
57730
57731
57733
57734
57736
57737
57738
57739
57740
57741
57745
57746
57747
57748
57749
57750
57751
57752
57753
57754
57755
57756
57757
57758
57759
57760
57761
57762
57763
57764
57765
57766
57767
57768
57769
57770
57772
57773
57774
57775
57776
57781
57783
57784
57785
57786
57787
57788
57793
57794
57798
57799
57800
57801
57802
57803
57804
57808
57812
57816
57817
57818
57819
57825
57826
57827
57831
57832
57833
57837
57838
57839
57841
57842
57843
57844
57845
57846
57847
57848
57849
57850
57851
57852
57853
57854
57855
57856
57857
57858
57859
57860
57861
57862
57863
57864
57865
57866
57867
57868
57869
57870
57871
57872
57873
57874
57875
57876
57877
57878
57879
57880
57881
57882
57883
57884
57885
57886
57887
57888
57889
57890
57891
57892
57893
57894
57895
57896
57897
57898
57899
57900
57901
57902
57903
57904
57905
57906
57907
57908
57909
57910
57911
57912
57913
57914
57915
57916
57917
57918
57919
57920
57921
57922
57923
57924
57925
57926
57927
57928
57929
57930
57931
57932
57933
57934
57937
57938
57941
57943
57945
57947
57948
57949
57951
57952
57953
57954
57955
57956
57957
57958
57959
57960
57961
57962
57963
57964
57965
57966
57967
57968
57969
57970
57971
57972
57973
57974
57975
57976
57977
57978
57979
57980
57981
57982
57983
57984
57985
57986
57987
57988
57989
57990
57991
57992
57993
57994
57995
57996
57997
57998
57999
58000
58001
58002
58003
58004
58005
58006
58007
58008
58009
58010
58011
58012
58013
58014
58015
58016
58017
58018
58019
58020
58021
58022
58023
58024
58025
58026
58027
58028
58029
58030
58031
58032
58033
58034
58035
58036
58037
58038
58039
58040
58041
58042
58043
58044
58045
58046
58047
58048
58049
58050
58051
58052
58053
58054
58055
58056
58057
58058
58059
58060
58061
58062
58063
58064
58065
58066
58067
58068
58069
58070
58071
58072
58073
58074
58075
58076
58077
58078
58079
58080
58081